solid STL generated by MeshLab
  facet normal -0.000000e+00  0.000000e+00  1.000000e+00
    outer loop
      vertex  -3.650000e+01 -9.461941e+00 -2.500000e+00
      vertex  -2.722361e+01 -1.873833e+01 -2.500000e+00
      vertex  -3.650000e+01  3.650000e+01 -2.500000e+00
    endloop
  endfacet
  facet normal  0.000000e+00  0.000000e+00  1.000000e+00
    outer loop
      vertex  -3.650000e+01  3.650000e+01 -2.500000e+00
      vertex  -2.722361e+01 -1.873833e+01 -2.500000e+00
      vertex  -2.368808e+01 -1.520280e+01 -2.500000e+00
    endloop
  endfacet
  facet normal  0.000000e+00  0.000000e+00  1.000000e+00
    outer loop
      vertex   1.873833e+01  2.722361e+01 -2.500000e+00
      vertex   9.461941e+00  3.650000e+01 -2.500000e+00
      vertex   1.520280e+01  2.368808e+01 -2.500000e+00
    endloop
  endfacet
  facet normal  0.000000e+00  0.000000e+00  1.000000e+00
    outer loop
      vertex   1.520280e+01  2.368808e+01 -2.500000e+00
      vertex   9.461941e+00  3.650000e+01 -2.500000e+00
      vertex  -3.650000e+01  3.650000e+01 -2.500000e+00
    endloop
  endfacet
  facet normal  0.000000e+00  0.000000e+00  1.000000e+00
    outer loop
      vertex   1.520280e+01  2.368808e+01 -2.500000e+00
      vertex  -3.650000e+01  3.650000e+01 -2.500000e+00
      vertex   1.895046e+01  1.994041e+01 -2.500000e+00
    endloop
  endfacet
  facet normal  0.000000e+00  0.000000e+00  1.000000e+00
    outer loop
      vertex   1.895046e+01  1.994041e+01 -2.500000e+00
      vertex  -3.650000e+01  3.650000e+01 -2.500000e+00
      vertex  -2.368808e+01 -1.520280e+01 -2.500000e+00
    endloop
  endfacet
  facet normal  0.000000e+00  0.000000e+00  1.000000e+00
    outer loop
      vertex   1.895046e+01  1.994041e+01 -2.500000e+00
      vertex  -2.368808e+01 -1.520280e+01 -2.500000e+00
      vertex  -1.994041e+01 -1.895046e+01 -2.500000e+00
    endloop
  endfacet
  facet normal  0.000000e+00 -0.000000e+00  1.000000e+00
    outer loop
      vertex   2.368808e+01  1.520280e+01  7.500000e+00
      vertex   2.722361e+01  1.873833e+01  7.500000e+00
      vertex   1.520280e+01  2.368808e+01  7.500000e+00
    endloop
  endfacet
  facet normal -0.000000e+00  0.000000e+00  1.000000e+00
    outer loop
      vertex   1.520280e+01  2.368808e+01  7.500000e+00
      vertex   2.722361e+01  1.873833e+01  7.500000e+00
      vertex   1.873833e+01  2.722361e+01  7.500000e+00
    endloop
  endfacet
  facet normal  7.071068e-01 -7.071068e-01  0.000000e+00
    outer loop
      vertex   2.368808e+01  1.520280e+01 -2.500000e+00
      vertex   2.722361e+01  1.873833e+01 -2.500000e+00
      vertex   2.368808e+01  1.520280e+01  7.500000e+00
    endloop
  endfacet
  facet normal  7.071068e-01 -7.071068e-01  0.000000e+00
    outer loop
      vertex   2.368808e+01  1.520280e+01  7.500000e+00
      vertex   2.722361e+01  1.873833e+01 -2.500000e+00
      vertex   2.722361e+01  1.873833e+01  7.500000e+00
    endloop
  endfacet
  facet normal -7.071068e-01  7.071068e-01  0.000000e+00
    outer loop
      vertex   1.520280e+01  2.368808e+01  7.500000e+00
      vertex   1.873833e+01  2.722361e+01  7.500000e+00
      vertex   1.520280e+01  2.368808e+01 -2.500000e+00
    endloop
  endfacet
  facet normal -7.071068e-01  7.071068e-01  0.000000e+00
    outer loop
      vertex   1.520280e+01  2.368808e+01 -2.500000e+00
      vertex   1.873833e+01  2.722361e+01  7.500000e+00
      vertex   1.873833e+01  2.722361e+01 -2.500000e+00
    endloop
  endfacet
  facet normal  1.000000e+00  0.000000e+00  0.000000e+00
    outer loop
      vertex   3.650000e+01  9.461941e+00 -2.500000e+00
      vertex   3.650000e+01 -3.650000e+01 -2.500000e+00
      vertex   3.650000e+01  9.461941e+00 -7.500000e+00
    endloop
  endfacet
  facet normal  1.000000e+00  0.000000e+00  0.000000e+00
    outer loop
      vertex   3.650000e+01  9.461941e+00 -7.500000e+00
      vertex   3.650000e+01 -3.650000e+01 -2.500000e+00
      vertex   3.650000e+01 -3.650000e+01 -7.500000e+00
    endloop
  endfacet
  facet normal  0.000000e+00  1.000000e+00 -0.000000e+00
    outer loop
      vertex   9.461941e+00  3.650000e+01 -7.500000e+00
      vertex  -3.650000e+01  3.650000e+01 -7.500000e+00
      vertex   9.461941e+00  3.650000e+01 -2.500000e+00
    endloop
  endfacet
  facet normal  0.000000e+00  1.000000e+00  0.000000e+00
    outer loop
      vertex   9.461941e+00  3.650000e+01 -2.500000e+00
      vertex  -3.650000e+01  3.650000e+01 -7.500000e+00
      vertex  -3.650000e+01  3.650000e+01 -2.500000e+00
    endloop
  endfacet
  facet normal -1.000000e+00  0.000000e+00  0.000000e+00
    outer loop
      vertex  -3.650000e+01 -9.461941e+00 -2.500000e+00
      vertex  -3.650000e+01  3.650000e+01 -2.500000e+00
      vertex  -3.650000e+01 -9.461941e+00 -7.500000e+00
    endloop
  endfacet
  facet normal -1.000000e+00  0.000000e+00  0.000000e+00
    outer loop
      vertex  -3.650000e+01 -9.461941e+00 -7.500000e+00
      vertex  -3.650000e+01  3.650000e+01 -2.500000e+00
      vertex  -3.650000e+01  3.650000e+01 -7.500000e+00
    endloop
  endfacet
  facet normal  0.000000e+00 -1.000000e+00  0.000000e+00
    outer loop
      vertex  -9.461941e+00 -3.650000e+01 -7.500000e+00
      vertex   3.650000e+01 -3.650000e+01 -7.500000e+00
      vertex  -9.461941e+00 -3.650000e+01 -2.500000e+00
    endloop
  endfacet
  facet normal  0.000000e+00 -1.000000e+00  0.000000e+00
    outer loop
      vertex  -9.461941e+00 -3.650000e+01 -2.500000e+00
      vertex   3.650000e+01 -3.650000e+01 -7.500000e+00
      vertex   3.650000e+01 -3.650000e+01 -2.500000e+00
    endloop
  endfacet
  facet normal -0.000000e+00  0.000000e+00  1.000000e+00
    outer loop
      vertex  -1.873833e+01 -2.722361e+01 -2.500000e+00
      vertex  -9.461941e+00 -3.650000e+01 -2.500000e+00
      vertex  -1.520280e+01 -2.368808e+01 -2.500000e+00
    endloop
  endfacet
  facet normal  0.000000e+00  0.000000e+00  1.000000e+00
    outer loop
      vertex  -1.520280e+01 -2.368808e+01 -2.500000e+00
      vertex  -9.461941e+00 -3.650000e+01 -2.500000e+00
      vertex   3.650000e+01 -3.650000e+01 -2.500000e+00
    endloop
  endfacet
  facet normal  0.000000e+00  0.000000e+00  1.000000e+00
    outer loop
      vertex   3.650000e+01  9.461941e+00 -2.500000e+00
      vertex   2.722361e+01  1.873833e+01 -2.500000e+00
      vertex   3.650000e+01 -3.650000e+01 -2.500000e+00
    endloop
  endfacet
  facet normal  0.000000e+00  0.000000e+00  1.000000e+00
    outer loop
      vertex   3.650000e+01 -3.650000e+01 -2.500000e+00
      vertex   2.722361e+01  1.873833e+01 -2.500000e+00
      vertex   2.368808e+01  1.520280e+01 -2.500000e+00
    endloop
  endfacet
  facet normal  0.000000e+00  0.000000e+00  1.000000e+00
    outer loop
      vertex   3.650000e+01 -3.650000e+01 -2.500000e+00
      vertex   2.368808e+01  1.520280e+01 -2.500000e+00
      vertex  -1.520280e+01 -2.368808e+01 -2.500000e+00
    endloop
  endfacet
  facet normal  0.000000e+00  0.000000e+00  1.000000e+00
    outer loop
      vertex  -1.520280e+01 -2.368808e+01 -2.500000e+00
      vertex   2.368808e+01  1.520280e+01 -2.500000e+00
      vertex   1.994041e+01  1.895046e+01 -2.500000e+00
    endloop
  endfacet
  facet normal  0.000000e+00 -0.000000e+00  1.000000e+00
    outer loop
      vertex  -1.520280e+01 -2.368808e+01 -2.500000e+00
      vertex   1.994041e+01  1.895046e+01 -2.500000e+00
      vertex  -1.895046e+01 -1.994041e+01 -2.500000e+00
    endloop
  endfacet
  facet normal  0.000000e+00  0.000000e+00 -1.000000e+00
    outer loop
      vertex   3.650000e+01 -3.650000e+01 -7.500000e+00
      vertex  -9.461941e+00 -3.650000e+01 -7.500000e+00
      vertex   3.650000e+01  9.461941e+00 -7.500000e+00
    endloop
  endfacet
  facet normal  0.000000e+00  0.000000e+00 -1.000000e+00
    outer loop
      vertex   3.650000e+01  9.461941e+00 -7.500000e+00
      vertex  -9.461941e+00 -3.650000e+01 -7.500000e+00
      vertex  -3.650000e+01 -9.461941e+00 -7.500000e+00
    endloop
  endfacet
  facet normal -0.000000e+00  0.000000e+00 -1.000000e+00
    outer loop
      vertex   3.650000e+01  9.461941e+00 -7.500000e+00
      vertex  -3.650000e+01 -9.461941e+00 -7.500000e+00
      vertex   9.461941e+00  3.650000e+01 -7.500000e+00
    endloop
  endfacet
  facet normal -0.000000e+00  0.000000e+00 -1.000000e+00
    outer loop
      vertex   9.461941e+00  3.650000e+01 -7.500000e+00
      vertex  -3.650000e+01 -9.461941e+00 -7.500000e+00
      vertex  -3.650000e+01  3.650000e+01 -7.500000e+00
    endloop
  endfacet
  facet normal  0.000000e+00  0.000000e+00  1.000000e+00
    outer loop
      vertex  -2.368808e+01 -1.520280e+01  7.500000e+00
      vertex  -2.722361e+01 -1.873833e+01  7.500000e+00
      vertex  -1.520280e+01 -2.368808e+01  7.500000e+00
    endloop
  endfacet
  facet normal  0.000000e+00  0.000000e+00  1.000000e+00
    outer loop
      vertex  -1.520280e+01 -2.368808e+01  7.500000e+00
      vertex  -2.722361e+01 -1.873833e+01  7.500000e+00
      vertex  -1.873833e+01 -2.722361e+01  7.500000e+00
    endloop
  endfacet
  facet normal  7.071069e-01 -7.071065e-01  0.000000e+00
    outer loop
      vertex  -1.520280e+01 -2.368808e+01  7.500000e+00
      vertex  -1.873833e+01 -2.722361e+01  7.500000e+00
      vertex  -1.520280e+01 -2.368808e+01 -2.500000e+00
    endloop
  endfacet
  facet normal  7.071069e-01 -7.071065e-01  0.000000e+00
    outer loop
      vertex  -1.520280e+01 -2.368808e+01 -2.500000e+00
      vertex  -1.873833e+01 -2.722361e+01  7.500000e+00
      vertex  -1.873833e+01 -2.722361e+01 -2.500000e+00
    endloop
  endfacet
  facet normal -7.071065e-01  7.071069e-01  0.000000e+00
    outer loop
      vertex  -2.368808e+01 -1.520280e+01 -2.500000e+00
      vertex  -2.722361e+01 -1.873833e+01 -2.500000e+00
      vertex  -2.368808e+01 -1.520280e+01  7.500000e+00
    endloop
  endfacet
  facet normal -7.071065e-01  7.071069e-01  0.000000e+00
    outer loop
      vertex  -2.368808e+01 -1.520280e+01  7.500000e+00
      vertex  -2.722361e+01 -1.873833e+01 -2.500000e+00
      vertex  -2.722361e+01 -1.873833e+01  7.500000e+00
    endloop
  endfacet
  facet normal -7.071068e-01 -7.071067e-01  0.000000e+00
    outer loop
      vertex  -2.722361e+01 -1.873833e+01 -2.500000e+00
      vertex  -3.650000e+01 -9.461941e+00 -2.500000e+00
      vertex  -3.650000e+01 -9.461941e+00 -7.500000e+00
    endloop
  endfacet
  facet normal -7.071067e-01 -7.071068e-01  0.000000e+00
    outer loop
      vertex  -9.461941e+00 -3.650000e+01 -7.500000e+00
      vertex  -9.461941e+00 -3.650000e+01 -2.500000e+00
      vertex  -1.873833e+01 -2.722361e+01 -2.500000e+00
    endloop
  endfacet
  facet normal -7.071068e-01 -7.071068e-01 -0.000000e+00
    outer loop
      vertex  -1.873833e+01 -2.722361e+01  7.500000e+00
      vertex  -2.722361e+01 -1.873833e+01  7.500000e+00
      vertex  -1.873833e+01 -2.722361e+01 -2.500000e+00
    endloop
  endfacet
  facet normal -7.071068e-01 -7.071068e-01  0.000000e+00
    outer loop
      vertex  -1.873833e+01 -2.722361e+01 -2.500000e+00
      vertex  -2.722361e+01 -1.873833e+01  7.500000e+00
      vertex  -2.722361e+01 -1.873833e+01 -2.500000e+00
    endloop
  endfacet
  facet normal -7.071068e-01 -7.071068e-01 -2.543132e-07
    outer loop
      vertex  -1.873833e+01 -2.722361e+01 -2.500000e+00
      vertex  -2.722361e+01 -1.873833e+01 -2.500000e+00
      vertex  -9.461941e+00 -3.650000e+01 -7.500000e+00
    endloop
  endfacet
  facet normal -7.071068e-01 -7.071068e-01 -3.192417e-07
    outer loop
      vertex  -9.461941e+00 -3.650000e+01 -7.500000e+00
      vertex  -2.722361e+01 -1.873833e+01 -2.500000e+00
      vertex  -3.650000e+01 -9.461941e+00 -7.500000e+00
    endloop
  endfacet
  facet normal  7.071068e-01  7.071068e-01  0.000000e+00
    outer loop
      vertex   2.722361e+01  1.873833e+01 -2.500000e+00
      vertex   3.650000e+01  9.461941e+00 -2.500000e+00
      vertex   3.650000e+01  9.461941e+00 -7.500000e+00
    endloop
  endfacet
  facet normal  7.071068e-01  7.071068e-01 -0.000000e+00
    outer loop
      vertex   9.461941e+00  3.650000e+01 -7.500000e+00
      vertex   9.461941e+00  3.650000e+01 -2.500000e+00
      vertex   1.873833e+01  2.722361e+01 -2.500000e+00
    endloop
  endfacet
  facet normal  7.071068e-01  7.071068e-01  0.000000e+00
    outer loop
      vertex   1.873833e+01  2.722361e+01  7.500000e+00
      vertex   2.722361e+01  1.873833e+01  7.500000e+00
      vertex   1.873833e+01  2.722361e+01 -2.500000e+00
    endloop
  endfacet
  facet normal  7.071068e-01  7.071068e-01  0.000000e+00
    outer loop
      vertex   1.873833e+01  2.722361e+01 -2.500000e+00
      vertex   2.722361e+01  1.873833e+01  7.500000e+00
      vertex   2.722361e+01  1.873833e+01 -2.500000e+00
    endloop
  endfacet
  facet normal  7.071068e-01  7.071068e-01  0.000000e+00
    outer loop
      vertex   1.873833e+01  2.722361e+01 -2.500000e+00
      vertex   2.722361e+01  1.873833e+01 -2.500000e+00
      vertex   9.461941e+00  3.650000e+01 -7.500000e+00
    endloop
  endfacet
  facet normal  7.071068e-01  7.071068e-01  0.000000e+00
    outer loop
      vertex   9.461941e+00  3.650000e+01 -7.500000e+00
      vertex   2.722361e+01  1.873833e+01 -2.500000e+00
      vertex   3.650000e+01  9.461941e+00 -7.500000e+00
    endloop
  endfacet
  facet normal -7.071068e-01 -7.071068e-01 -0.000000e+00
    outer loop
      vertex   1.520280e+01  2.368808e+01  7.500000e+00
      vertex   1.520280e+01  2.368808e+01 -2.500000e+00
      vertex   2.368808e+01  1.520280e+01  7.500000e+00
    endloop
  endfacet
  facet normal -7.071078e-01 -7.071057e-01  1.799387e-06
    outer loop
      vertex   2.368808e+01  1.520280e+01  7.500000e+00
      vertex   1.520280e+01  2.368808e+01 -2.500000e+00
      vertex   1.895046e+01  1.994041e+01 -2.500000e+00
    endloop
  endfacet
  facet normal -7.071057e-01 -7.071078e-01  0.000000e+00
    outer loop
      vertex   2.368808e+01  1.520280e+01 -2.500000e+00
      vertex   2.368808e+01  1.520280e+01  7.500000e+00
      vertex   1.994041e+01  1.895046e+01 -2.500000e+00
    endloop
  endfacet
  facet normal -7.071068e-01 -7.071068e-01  8.004031e-07
    outer loop
      vertex   1.994041e+01  1.895046e+01 -2.500000e+00
      vertex   2.368808e+01  1.520280e+01  7.500000e+00
      vertex   1.895046e+01  1.994041e+01 -2.500000e+00
    endloop
  endfacet
  facet normal -7.071068e-01 -7.071068e-01 -0.000000e+00
    outer loop
      vertex   1.994041e+01  1.895046e+01 -2.500000e+00
      vertex   1.895046e+01  1.994041e+01 -2.500000e+00
      vertex   1.994041e+01  1.895046e+01 -3.000000e+00
    endloop
  endfacet
  facet normal -7.071068e-01 -7.071068e-01  0.000000e+00
    outer loop
      vertex   1.994041e+01  1.895046e+01 -3.000000e+00
      vertex   1.895046e+01  1.994041e+01 -2.500000e+00
      vertex   1.895046e+01  1.994041e+01 -3.000000e+00
    endloop
  endfacet
  facet normal  7.071068e-01  7.071068e-01  0.000000e+00
    outer loop
      vertex  -1.520280e+01 -2.368808e+01  7.500000e+00
      vertex  -1.520280e+01 -2.368808e+01 -2.500000e+00
      vertex  -2.368808e+01 -1.520280e+01  7.500000e+00
    endloop
  endfacet
  facet normal  7.071077e-01  7.071059e-01  1.511484e-06
    outer loop
      vertex  -2.368808e+01 -1.520280e+01  7.500000e+00
      vertex  -1.520280e+01 -2.368808e+01 -2.500000e+00
      vertex  -1.895046e+01 -1.994041e+01 -2.500000e+00
    endloop
  endfacet
  facet normal  7.071059e-01  7.071077e-01 -0.000000e+00
    outer loop
      vertex  -2.368808e+01 -1.520280e+01 -2.500000e+00
      vertex  -2.368808e+01 -1.520280e+01  7.500000e+00
      vertex  -1.994041e+01 -1.895046e+01 -2.500000e+00
    endloop
  endfacet
  facet normal  7.071068e-01  7.071068e-01  6.641656e-07
    outer loop
      vertex  -1.994041e+01 -1.895046e+01 -2.500000e+00
      vertex  -2.368808e+01 -1.520280e+01  7.500000e+00
      vertex  -1.895046e+01 -1.994041e+01 -2.500000e+00
    endloop
  endfacet
  facet normal  7.071068e-01  7.071068e-01  0.000000e+00
    outer loop
      vertex  -1.994041e+01 -1.895046e+01 -2.500000e+00
      vertex  -1.895046e+01 -1.994041e+01 -2.500000e+00
      vertex  -1.994041e+01 -1.895046e+01 -3.000000e+00
    endloop
  endfacet
  facet normal  7.071068e-01  7.071068e-01  0.000000e+00
    outer loop
      vertex  -1.994041e+01 -1.895046e+01 -3.000000e+00
      vertex  -1.895046e+01 -1.994041e+01 -2.500000e+00
      vertex  -1.895046e+01 -1.994041e+01 -3.000000e+00
    endloop
  endfacet
  facet normal  7.071068e-01 -7.071068e-01  0.000000e+00
    outer loop
      vertex  -1.994041e+01 -1.895046e+01 -3.000000e+00
      vertex   1.895046e+01  1.994041e+01 -3.000000e+00
      vertex  -1.994041e+01 -1.895046e+01 -2.500000e+00
    endloop
  endfacet
  facet normal  7.071068e-01 -7.071068e-01  0.000000e+00
    outer loop
      vertex  -1.994041e+01 -1.895046e+01 -2.500000e+00
      vertex   1.895046e+01  1.994041e+01 -3.000000e+00
      vertex   1.895046e+01  1.994041e+01 -2.500000e+00
    endloop
  endfacet
  facet normal -7.071068e-01  7.071068e-01  0.000000e+00
    outer loop
      vertex   1.994041e+01  1.895046e+01 -3.000000e+00
      vertex  -1.895046e+01 -1.994041e+01 -3.000000e+00
      vertex   1.994041e+01  1.895046e+01 -2.500000e+00
    endloop
  endfacet
  facet normal -7.071068e-01  7.071068e-01  0.000000e+00
    outer loop
      vertex   1.994041e+01  1.895046e+01 -2.500000e+00
      vertex  -1.895046e+01 -1.994041e+01 -3.000000e+00
      vertex  -1.895046e+01 -1.994041e+01 -2.500000e+00
    endloop
  endfacet
  facet normal  0.000000e+00  0.000000e+00  1.000000e+00
    outer loop
      vertex   1.994041e+01  1.895046e+01 -3.000000e+00
      vertex   1.895046e+01  1.994041e+01 -3.000000e+00
      vertex  -1.895046e+01 -1.994041e+01 -3.000000e+00
    endloop
  endfacet
  facet normal  0.000000e+00 -0.000000e+00  1.000000e+00
    outer loop
      vertex  -1.895046e+01 -1.994041e+01 -3.000000e+00
      vertex   1.895046e+01  1.994041e+01 -3.000000e+00
      vertex  -1.994041e+01 -1.895046e+01 -3.000000e+00
    endloop
  endfacet
endsolid vcg
